100
1
3
4
1 2 1 2
1
4
5
6 9 5 2 6
4
8 4 5 9
4
9 2 4 5
6
5 5 5 5 9 9
5
5 2 3 2 5
5
5 3 4 5 1
4
1 7 1 7
5
1 2 2 5 4
4
9 7 1 2
3
1 9 3
1
5
2
2 1
5
1 3 3 4 2
5
9 9 9 9 9
2
4 9
3
2 3 5
4
3 8 1 8
5
2 1 1 1 2
4
6 2 2 7
3
8 5 2
5
5 3 5 4 1
6
1 1 5 5 9 9
6
5 5 5 9 9 9
1
6
3
8 9 2
3
6 2 4
3
8 5 8
4
2 2 8 5
4
9 9 6 1
2
9 6
2
6 6
4
2 3 9 1
3
9 4 6
5
5 4 3 2 1
5
6 2 3 5 8
5
3 1 5 1 2
3
9 9 9
6
9 9 9 9 9 9
5
3 5 2 2 3
4
9 9 9 9
4
1 7 7 9
4
4 4 4 1
3
9 4 9
3
9 5 1
4
7 9 8 2
2
9 8
1
9
3
6 3 5
3
6 5 4
3
7 9 4
3
5 3 9
3
6 5 4
4
2 4 5 6
2
9 7
5
2 5 7 9 2
5
1 2 5 2 2
3
9 7 2
3
9 6 2
4
1 8 6 1
4
8 8 8 8
5
8 8 8 8 8
3
3 2 1
4
9 4 5 2
6
6 6 6 6 9 9
3
1 5 5
5
1 3 3 5 4
6
6 5 4 3 2 1
1
4
6
5 6 9 6 9 6
2
5 5
2
8 8
4
6 5 7 8
6
3 3 5 5 9 9
4
7 4 8 8
3
2 3 7
4
2 3 9 2
6
2 9 9 9 3 3
1
1
2
9 9
3
8 2 3
1
7
3
3 7 1
3
7 5 3
4
4 3 2 1
3
1 6 6
4
8 9 4 9
2
8 4
6
7 7 7 7 7 9
3
8 8 8
6
3 6 6 6 9 9
2
9 9
3
9 4 4
1
8
2
4 8
3
7 6 3
2
7 7
4
1 5 8 1
