100
2 2 2
2 1 3
4 4 1
3 2 3
5 20 4
5 5 3
18 12 15
4 3 2
8 8 8
5 10 7
17 4 5
10 15 5
5 3 5
7 14 5
5 5 1
7 3 7
4 3 3
3 2 2
6 6 3
5 3 8
7 5 7
2 1 4
6 10 3
8 7 1
6 20 20
5 4 4
14 7 8
8 16 6
5 5 5
9 9 9
2 1 1
5 2 20
6 5 5
16 8 8
13 16 10
6 6 6
5 3 20
6 18 1
7 2 7
5 20 5
3 1 3
5 6 10
2 3 3
8 4 4
7 14 4
2 4 4
7 7 7
1 1 1
4 1 4
6 18 18
4 4 4
20 10 16
5 4 5
10 10 1
6 4 9
5 10 5
20 20 20
3 3 4
15 10 9
6 3 20
6 4 20
6 9 2
5 4 15
19 19 10
18 9 12
3 4 4
18 15 18
19 19 1
4 4 3
20 17 14
5 7 7
11 11 11
5 2 5
2 4 1
7 6 7
5 5 6
10 10 10
4 2 4
18 3 6
5 10 10
5 20 20
19 19 19
5 20 1
6 3 4
5 3 10
6 3 8
6 12 12
10 5 20
12 12 2
7 4 7
5 15 2
6 6 5
5 10 4
7 1 7
6 4 6
18 6 9
8 10 11
7 14 20
5 15 3
5 2 10
